2
10 16
1 2 1
1 1 1
0 1 3
0 2 4
0 5 6
0 2 6
0 3 7
0 4 1
0 1 1
1 1 1
0 1 3
0 2 4
0 5 6
0 2 6
0 3 7
0 4 1
7 80
0 1 3
1 1 7
0 7 6
1 7 1
0 3 7
0 4 2
0 1 1
1 1 1
0 1 3
1 1 7
0 7 6
1 7 1
0 3 7
0 4 2
0 1 1
1 1 1
0 1 3
1 1 7
0 7 6
1 7 1
0 3 7
0 4 2
0 1 1
1 1 1
0 1 3
1 1 7
0 7 6
1 7 1
0 3 7
0 4 2
0 1 1
1 1 1
0 1 3
1 1 7
0 7 6
1 7 1
0 3 7
0 4 2
0 1 1
1 1 1
0 1 3
1 1 7
0 7 6
1 7 1
0 3 7
0 4 2
0 1 1
1 1 1
0 1 3
1 1 7
0 7 6
1 7 1
0 3 7
0 4 2
0 1 1
1 1 1
0 1 3
1 1 7
0 7 6
1 7 1
0 3 7
0 4 2
0 1 1
1 1 1
0 1 3
1 1 7
0 7 6
1 7 1
0 3 7
0 4 2
0 1 1
1 1 1
0 1 3
1 1 7
0 7 6
1 7 1
0 3 7
0 4 2
0 1 1
1 1 1