10
6 6
0 0 0 0 0 0
0 1 1 1 0 0
0 1 1 1 0 0
0 1 0 1 1 1
0 1 0 0 0 0
0 1 0 0 0 0
6 6
0 0 0 0 0 0
0 1 1 1 0 0
0 0 0 1 0 0
0 0 0 1 0 0
0 1 1 1 1 1
0 0 0 0 0 0
6 6
0 0 0 0 0 0
0 0 0 0 0 0
0 0 1 0 0 0
0 0 0 0 0 0
0 0 0 0 0 0
0 0 0 0 0 0
6 6
0 0 0 0 0 0
0 1 1 1 1 0
0 1 0 0 1 0
0 1 0 0 1 0
0 1 1 1 1 0
0 0 0 0 0 0
6 6
0 1 1 1 0 0
0 1 1 0 0 0
0 1 1 1 1 0
0 0 1 1 1 0
0 0 0 0 0 0
0 0 0 0 0 0
6 6
0 0 0 0 0 0
0 1 1 1 1 0
0 1 1 1 1 0
0 1 1 1 1 0
0 1 1 1 1 0
0 0 0 0 0 0
8 8
0 0 0 0 0 0 0 0
0 0 0 0 1 0 0 0
0 0 0 0 1 0 0 0
0 0 1 1 1 1 1 0
0 0 0 0 1 0 0 0
0 0 0 0 1 0 0 0
0 0 0 0 0 0 0 0
0 0 0 0 0 0 0 0
8 8
0 0 0 0 0 0 0 0
0 0 0 0 1 0 0 0
0 0 0 0 1 0 0 0
0 0 1 1 1 1 1 0
0 0 0 0 1 0 0 0
0 0 0 0 1 0 0 0
0 0 1 1 1 1 1 0
0 0 0 0 0 0 0 0
8 5
0 0 0 0 0
0 0 1 1 1
0 0 1 1 1
0 0 1 1 1
0 0 1 1 1
0 0 1 1 1
0 0 0 0 1
0 0 0 0 1
10 10
0 0 0 0 0 0 0 0 0 0
0 0 0 0 1 0 0 0 0 0
0 0 0 0 1 0 0 0 0 0
0 0 0 0 1 0 0 0 0 0
0 1 1 1 1 0 0 0 0 0
0 0 1 1 1 1 1 0 0 0
0 0 0 0 1 1 1 0 0 0
0 0 0 0 0 0 0 0 0 0
0 0 0 0 0 0 0 0 0 0
0 0 0 0 0 0 0 0 0 0
4 4
0 0 0 0
0 0 0 0
1 1 1 1
1 1 1 1
4 4
1 1 0 0
1 1 1 0
0 0 1 1
0 0 1 1
5 5
1 1 1 1 1
0 0 0 1 1
0 0 0 1 1
1 1 1 1 1
0 0 0 0 0
5 5
0 0 0 0 0
0 1 1 1 0
0 1 0 1 0
0 1 1 1 0
0 0 0 0 0