10
8
0 1 1 1 1 0 1 1
1 1 1 1 0 1 1 1
1 1 1 0 1 1 0 1
1 1 0 1 1 0 0 1
1 0 1 1 0 0 0 1
1 0 1 1 1 1 0 1
1 0 0 0 0 1 0 1
1 1 1 1 1 1 0 1
2 1 1
1 1 1 0
1 0 1 1
0 1 1 1
0 0 0 0
8
0 1 1 1 1 0 1 1
1 1 1 1 0 1 1 1
1 1 1 0 1 1 0 1
1 1 0 1 1 0 0 1
1 0 1 1 0 0 0 1
1 0 1 1 1 1 0 1
1 0 0 0 0 1 0 1
1 1 1 1 1 1 0 1
2 1 1
1 1 1 0
1 0 1 1
0 1 1 1
0 0 0 0
10
0 1 1 1 1 1 1 1 1 1
1 1 1 1 1 1 1 1 1 1
1 1 1 1 1 1 1 1 1 1
1 1 1 1 1 1 1 1 1 1
1 1 1 1 0 0 0 0 0 0
1 1 1 0 0 0 0 0 0 0
1 1 0 0 0 0 0 0 0 0
1 0 0 0 0 0 0 0 0 0
0 0 0 0 0 0 0 0 0 0
0 0 0 0 0 0 0 0 0 0
3 1 1
1 1 1 1
1 0 1 0
0 1 0 1
0 1 1 1
0 0 1 0
10
0 1 1 1 0 1 1 1 1 1
1 1 1 1 1 1 1 0 1 1
1 1 1 1 1 1 1 1 1 1
1 1 1 1 1 1 1 1 1 1
1 1 1 1 1 1 1 1 1 1
1 1 1 1 1 1 1 0 1 1
1 1 1 1 1 1 1 1 1 1
1 1 1 1 1 1 1 1 1 1
1 1 1 1 1 1 1 1 0 1
1 1 1 1 1 1 1 1 1 1
6 0 1
1 0 1 0
0 1 0 1
1 0 1 1
1 1 0 1
1 1 1 0
1 1 1 1
0 1 1 1
10
0 1 1 1 1 1 1 1 1 1
1 1 1 1 1 1 1 1 1 1
1 1 1 1 1 1 1 1 1 1
1 1 1 1 1 1 1 1 1 1
1 1 1 1 0 0 0 0 0 0
1 1 1 0 0 0 0 0 0 0
1 1 0 0 0 0 0 0 0 0
1 0 0 0 0 0 0 0 0 0
0 0 0 0 0 0 0 0 0 0
0 0 0 0 0 0 0 0 0 0
1 1 1
1 1 1 1
0 1 1 1
0 0 1 0
10
1 1 1 1 1 1 1 1 1 1
1 1 1 1 1 1 1 1 1 1
1 1 1 1 1 1 1 1 1 1
1 1 1 1 1 1 1 1 1 1
1 1 1 1 1 1 1 1 1 1
1 1 1 1 1 1 1 1 1 1
1 1 1 1 1 1 1 1 1 1
1 1 1 1 1 1 1 1 1 1
1 1 1 1 1 1 1 1 1 1
1 1 1 1 1 1 1 1 1 0
1 1 1
1 1 1 0
0 1 1 1
0 0 1 0
10
0 0 0 1 0 0 0 0 0 0
0 1 1 1 0 0 0 0 0 0
0 1 0 0 0 0 0 0 0 0
1 0 0 0 0 0 0 0 0 0
0 1 0 0 1 0 0 0 0 0
0 0 1 0 0 1 0 0 0 0
0 0 0 1 0 0 1 0 0 0
0 0 0 0 1 0 0 1 0 0
0 0 0 0 0 1 0 1 0 0
0 0 0 0 0 0 0 1 0 0
1 1 1
0 0 0 1
0 1 1 1
0 0 1 0
10
0 0 0 1 0 0 0 0 0 0
0 0 1 0 0 0 0 0 0 0
0 1 0 0 0 0 0 0 0 0
1 0 0 0 0 0 0 0 0 0
0 1 0 0 1 0 0 0 0 0
0 0 1 0 0 1 0 0 0 0
0 0 0 1 0 0 1 0 0 0
0 0 0 0 1 0 0 1 0 0
0 0 0 0 0 1 0 1 0 0
0 0 0 0 0 0 0 1 0 0
2 2 2
0 0 0 1
0 0 0 1
0 1 1 0
0 1 1 1
0 0 1 1
0 0 1 0
10
0 0 0 0 1 0 0 0 0 0
0 0 0 1 0 0 0 0 0 0
0 0 1 0 0 0 0 0 0 0
0 1 0 0 0 0 0 0 0 0
0 1 0 0 1 0 0 0 0 0
0 0 1 0 0 1 0 0 0 0
0 0 0 1 0 0 1 0 0 0
0 0 0 0 1 0 0 1 0 0
0 0 0 0 0 1 0 1 0 0
0 0 0 0 0 0 0 1 0 0
2 2 2
0 0 0 1
0 0 0 1
0 1 1 0
0 1 1 1
0 0 1 1
0 0 1 0
10
0 1 1 1 1 0 0 0 0 0
1 1 1 1 0 0 0 0 0 0
1 1 1 0 0 0 0 0 0 0
1 1 0 0 0 0 0 0 0 0
1 0 0 0 0 0 0 0 0 0
0 0 0 0 0 0 0 0 0 0
0 0 0 0 0 0 0 0 0 0
0 0 0 0 0 0 0 0 0 0
0 0 0 0 0 0 0 0 0 0
0 0 0 0 0 0 0 0 0 0
4 1 1
1 1 1 1
1 0 1 1
1 1 1 0
1 0 1 0
0 1 1 1
0 0 0 0