10
5 4 3
3 5 6 3
1 3 2 4
9 6 3 1
1 5 2 2
8 4 5 2
2 0 3
2 1 1
3 1 2
3 5 4
5 10 2 3 9
3 5 1 9 6
7 8 3 1 2
2 1 2
2 1 1
2 0 3
2 0 1
5 5 3
1 1 1 1 1
1 1 1 1 1
1 1 1 1 1
1 1 1 1 1
1 1 1 1 1
2 1 1
3 1 1
4 1 1
20 19 10
20 5 21 17 4 7 9 22 25 16 8 10 12 13 11 29 24 15 6
8 13 18 7 23 10 9 19 6 21 22 5 11 4 24 25 3 12 16
21 27 17 29 15 10 5 23 14 22 7 8 6 18 26 11 19 9 4
4 7 11 17 9 25 3 21 14 13 19 23 22 29 20 5 28 6 16
26 11 13 15 29 8 9 25 21 22 3 7 6 28 27 12 19 4 14
3 8 5 6 16 9 26 12 27 13 21 20 22 18 11 25 4 7 15
16 4 15 19 29 17 9 25 14 21 3 27 10 24 8 20 18 11 12
29 26 12 11 4 13 9 15 17 22 7 3 18 23 10 28 5 14 24
7 29 16 21 24 19 22 14 15 4 27 13 17 20 25 9 3 8 10
5 15 6 16 13 9 21 3 10 22 14 23 19 27 7 18 29 24 25
19 4 29 26 16 7 17 27 24 11 8 18 28 10 25 14 23 15 12
13 18 22 3 10 27 7 24 14 11 12 23 8 5 29 17 6 16 25
10 28 8 14 23 16 26 20 21 12 7 11 15 13 24 18 5 29 25
25 22 17 6 7 4 3 18 10 21 9 12 27 23 28 20 24 13 29
12 8 29 5 23 18 28 26 25 13 10 17 20 11 3 27 16 22 7
19 11 9 6 12 24 22 13 14 23 26 29 8 4 7 3 16 27 5
14 21 6 11 18 3 5 13 28 15 7 22 26 23 29 24 9 4 8
17 22 12 25 29 9 26 28 15 13 27 3 19 7 5 4 11 14 23
10 11 13 29 5 4 28 21 23 9 16 14 26 12 20 27 6 3 17
10 6 21 18 24 7 23 26 4 9 22 17 19 5 25 15 27 14 16
9 0 8
9 1 4
16 1 3
8 0 6
13 1 4
19 1 8
15 0 4
14 1 4
14 1 9
15 0 4
5 5 5
1 2 3 4 5
2 3 4 5 6
3 4 5 6 7
4 5 6 7 8
5 6 7 8 9
2 0 1
3 0 2
2 1 1
3 1 2
4 0 1
30 30 20
3 18 11 5 33 26 22 25 35 27 7 10 24 16 17 19 6 14 21 32 34 31 30 36 28 9 8 20 13 15
6 37 32 11 5 10 34 30 3 21 7 39 15 12 17 20 26 24 8 29 4 22 19 13 31 33 36 27 14 25
5 3 22 23 20 30 18 19 29 39 35 24 13 14 32 6 25 33 7 34 12 21 28 31 15 26 16 9 4 37
10 31 38 7 35 23 39 17 24 30 29 26 11 3 28 27 13 19 12 34 33 6 37 21 32 22 4 5 20 9
23 27 18 28 26 16 20 3 22 11 30 32 34 7 4 12 37 31 39 36 9 15 5 10 38 8 33 6 35 25
11 24 27 37 33 20 12 6 35 17 15 16 22 36 31 26 4 7 32 34 18 19 39 29 3 8 25 9 14 23
25 20 24 7 11 5 26 23 14 18 19 3 10 33 15 16 27 6 12 37 4 34 35 9 8 28 21 36 29 31
38 30 19 23 25 13 12 9 4 18 15 35 11 26 21 10 17 36 32 24 33 7 29 20 3 37 14 16 22 39
21 30 39 17 13 23 8 14 20 33 35 18 12 22 31 32 7 27 26 9 3 34 37 36 5 11 19 28 25 4
20 22 23 36 21 27 8 28 33 7 26 10 5 14 6 38 31 32 3 39 9 34 16 29 15 30 25 19 4 13
16 30 39 17 31 37 23 13 11 33 34 32 28 21 4 20 26 3 29 12 15 7 19 24 10 14 25 36 18 38
20 23 25 7 31 30 32 24 39 19 3 37 38 22 11 17 18 14 36 5 34 4 15 10 27 8 9 26 29 13
20 27 4 28 5 17 32 10 31 35 8 18 26 36 15 6 12 22 24 29 19 38 14 25 11 23 13 33 21 3
3 8 28 23 15 30 20 5 4 35 25 13 27 29 19 21 36 16 12 37 33 38 39 17 7 31 6 14 26 22
9 12 32 34 6 14 13 4 11 10 5 39 19 37 30 21 28 36 26 25 3 7 22 35 16 23 38 24 17 8
33 32 38 6 21 18 17 3 7 29 24 35 14 13 22 31 30 10 20 19 37 9 12 5 23 15 39 28 26 27
35 27 13 20 29 9 26 34 11 18 7 32 8 15 16 22 17 14 10 3 33 39 4 38 21 28 31 12 23 30
27 14 22 35 32 23 13 30 6 7 24 38 29 10 21 9 17 15 8 3 26 19 16 34 25 5 4 11 28 12
31 30 13 27 9 38 18 8 21 33 11 32 28 5 20 29 22 3 35 12 37 25 19 26 7 34 23 24 36 14
32 21 17 27 37 31 7 24 10 34 26 11 18 9 25 3 28 38 14 35 4 8 23 36 33 16 13 22 30 29
34 31 37 21 23 11 15 25 30 19 27 36 20 38 29 5 28 24 7 35 14 26 39 33 17 8 3 16 18 10
12 24 7 8 39 10 32 23 20 36 19 31 21 6 28 38 37 11 27 34 4 15 17 35 29 25 9 16 14 30
19 14 17 27 4 10 26 23 35 7 31 22 33 8 25 21 16 13 15 34 29 36 18 39 32 5 28 12 6 37
9 6 32 33 37 21 4 23 39 3 29 35 15 36 5 30 20 28 7 16 38 10 25 11 26 22 13 34 18 12
25 12 5 4 17 31 35 19 11 13 28 7 37 34 8 14 15 32 39 33 22 24 20 10 38 29 3 18 23 26
33 25 12 31 22 20 7 14 32 27 3 16 37 17 18 23 38 5 10 29 24 39 35 6 9 26 15 28 13 19
27 21 12 26 11 18 29 25 39 31 36 38 17 5 19 10 37 34 33 14 16 8 28 7 9 23 30 22 4 20
31 3 20 6 33 25 16 4 9 34 8 37 15 26 7 21 35 14 27 19 29 5 12 30 39 23 10 11 22 13
21 12 26 4 8 25 3 24 34 33 28 29 39 36 37 20 19 31 35 16 23 7 9 6 10 13 17 5 14 15
7 22 3 21 24 12 15 35 6 11 34 14 26 19 28 17 5 38 27 31 32 9 16 20 8 18 30 29 25 13
29 1 17
27 1 18
11 0 18
29 1 15
9 1 9
10 1 4
15 1 3
16 1 2
4 0 9
17 1 9
6 1 9
22 0 17
27 0 19
12 1 9
18 0 13
26 0 17
12 0 10
10 0 9
29 0 13
7 1 8
40 40 20
25 16 29 7 22 31 18 33 46 39 23 15 38 21 8 36 35 30 17 11 40 48 34 27 3 19 28 42 14 6 9 12 4 24 49 44 45 37 20 10
13 38 15 48 11 21 8 47 42 14 32 29 41 33 27 28 31 24 16 5 26 43 22 10 23 39 45 44 49 7 12 3 36 17 18 30 6 40 9 25
14 47 13 49 12 45 27 35 5 31 8 39 22 41 36 46 16 17 33 32 24 9 19 37 7 26 6 38 4 48 23 40 34 3 11 15 10 25 29 18
49 23 20 35 6 28 30 46 36 3 42 45 47 43 31 37 44 33 18 9 24 26 15 4 27 25 13 34 11 17 32 21 5 16 39 8 38 48 19 14
25 24 21 6 22 41 36 37 47 30 3 33 49 45 39 31 23 32 40 11 5 7 43 27 19 14 4 10 29 16 46 44 9 15 12 20 13 34 8 28
23 7 38 13 6 43 22 30 12 8 3 44 33 36 10 39 9 11 14 18 21 34 31 17 27 28 19 32 41 35 26 4 46 42 5 48 16 25 20 45
12 37 48 10 6 35 8 9 41 17 13 28 4 5 20 29 22 43 15 40 46 44 25 3 19 36 16 24 26 11 39 7 18 45 49 31 33 23 14 42
44 9 15 49 18 36 23 13 39 26 21 5 22 20 6 3 16 7 37 33 47 30 11 32 10 45 8 25 17 24 43 27 12 14 4 40 48 29 41 19
38 12 20 5 6 41 11 7 19 36 4 30 35 16 48 40 3 46 9 45 43 32 17 49 29 28 24 25 8 13 15 22 44 42 21 27 31 23 10 34
30 5 49 33 4 27 20 39 48 17 3 25 15 9 13 6 19 31 36 22 10 34 37 11 46 41 21 35 24 18 44 47 38 45 29 42 40 12 14 26
34 29 48 24 5 15 46 32 37 45 33 19 38 25 4 28 22 10 44 12 47 20 43 36 14 35 39 27 7 49 6 16 40 18 21 42 30 17 23 26
7 41 20 49 39 36 43 22 45 4 42 14 40 10 47 38 11 25 6 13 12 18 23 28 34 48 32 37 3 24 8 26 9 29 46 44 17 19 35 30
42 28 6 13 23 7 8 17 29 43 36 11 44 5 37 27 3 21 20 24 4 32 16 49 25 48 31 22 18 14 10 34 33 46 47 45 35 30 39 41
38 23 8 28 7 47 12 48 4 45 32 10 49 43 39 31 34 6 46 20 37 25 27 3 26 18 24 41 13 42 9 22 15 36 17 35 16 29 44 33
40 45 6 31 27 38 39 9 47 44 10 7 25 12 29 17 35 46 18 41 21 48 16 19 34 4 42 36 23 24 8 33 5 14 22 49 3 30 11 28
31 37 24 44 16 17 39 13 35 9 38 22 27 18 7 49 43 46 19 10 23 26 21 8 48 12 40 4 45 30 14 20 42 25 11 34 33 6 29 47
48 6 28 23 20 4 30 13 7 16 9 41 25 36 42 33 21 34 15 38 37 27 46 31 44 17 49 43 47 19 10 29 3 11 26 18 45 24 32 40
27 20 9 18 23 5 35 37 41 29 31 11 4 12 17 46 28 40 19 43 44 38 7 15 24 25 26 47 14 33 32 16 48 45 36 13 10 21 3 42
19 26 12 5 29 35 4 7 21 8 28 48 37 33 14 34 10 41 20 42 36 49 13 22 15 17 6 3 47 9 38 39 44 30 16 46 40 45 24 25
7 44 33 47 27 19 13 4 6 24 12 23 42 31 18 30 11 15 37 8 36 43 16 28 39 17 48 22 21 34 5 9 41 35 3 32 14 49 10 29
7 35 29 39 30 9 17 10 47 28 11 32 43 48 42 22 16 26 3 13 6 49 5 31 27 41 36 20 45 4 19 23 33 21 40 46 44 24 38 15
5 33 6 44 41 34 8 43 17 18 28 46 7 21 37 12 23 40 49 10 14 27 15 20 48 3 26 19 38 13 39 4 35 42 47 22 29 25 36 45
14 40 16 46 33 38 35 29 23 15 25 13 7 19 36 24 17 47 12 8 4 30 34 44 32 39 27 42 26 31 11 5 22 37 6 28 43 20 48 49
30 33 42 37 35 14 36 17 28 25 26 24 3 20 32 43 4 9 8 13 22 21 19 10 40 49 15 11 38 48 31 27 18 23 45 5 39 47 29 46
49 23 3 25 21 9 8 32 27 11 30 6 40 36 43 12 34 26 24 31 42 45 13 18 33 7 44 14 48 5 4 35 17 22 28 10 47 37 15 20
5 35 29 3 9 23 13 20 15 7 4 33 10 11 28 17 32 40 41 46 31 6 16 27 25 34 43 49 26 22 45 14 38 8 37 18 42 36 44 24
20 33 44 22 5 46 26 16 35 23 49 6 4 48 24 39 27 38 30 36 11 32 7 12 42 41 25 34 28 3 14 45 43 15 47 18 13 37 19 17
13 11 38 6 3 12 19 39 46 22 45 47 44 30 43 26 24 37 48 7 17 36 41 49 20 15 29 4 14 34 32 9 28 40 42 10 5 16 25 33
6 45 42 17 30 48 36 15 37 41 40 38 27 9 14 39 16 18 7 4 13 26 8 3 22 11 34 29 33 47 19 43 10 23 28 46 44 5 12 31
46 22 40 47 45 10 18 39 35 42 8 43 16 30 6 14 23 13 49 21 44 15 5 28 11 34 3 24 27 33 38 25 31 4 17 37 19 29 26 41
44 5 38 21 26 35 48 24 23 40 27 47 10 43 6 31 41 9 49 36 4 13 29 15 20 34 42 30 45 33 25 17 39 46 22 7 19 12 28 11
5 39 47 6 4 40 41 12 17 9 30 7 48 15 3 10 38 36 37 43 26 11 21 25 18 23 35 33 8 34 24 13 46 19 31 32 42 29 20 45
34 7 14 40 39 48 20 41 21 29 11 35 44 5 36 12 15 46 16 26 10 18 8 47 17 33 23 22 13 3 6 37 19 27 9 45 38 24 32 4
28 24 4 21 44 40 7 42 23 13 41 36 46 10 6 22 18 38 29 37 5 3 15 27 9 45 8 49 33 20 30 48 35 47 11 26 16 14 31 12
43 3 46 39 17 34 23 10 44 42 9 40 5 28 15 31 33 20 14 30 37 38 32 25 11 7 24 13 12 48 21 16 6 8 45 35 49 22 41 29
29 49 11 15 35 41 17 34 43 46 32 37 18 38 10 13 40 4 45 48 31 12 26 7 20 28 24 3 8 6 44 47 27 42 19 16 23 39 36 30
26 38 45 33 16 28 10 23 34 5 3 30 19 8 12 44 4 43 15 27 25 46 24 42 9 40 11 48 6 22 14 13 36 18 49 17 41 7 31 20
16 5 21 4 34 44 26 46 12 37 8 18 11 33 41 31 49 10 36 20 45 42 22 27 30 39 47 3 35 38 43 19 9 40 13 23 32 7 15 6
15 33 31 13 4 24 26 30 18 43 38 11 16 19 21 14 49 5 45 28 40 39 47 25 29 3 8 20 48 6 42 9 10 37 46 12 34 7 44 36
32 48 35 49 18 37 28 40 7 46 6 29 24 36 20 25 22 13 41 8 38 47 39 45 5 43 44 19 27 16 17 3 12 10 21 23 34 26 15 4
28 1 8
13 1 11
36 1 4
23 0 19
18 0 15
27 0 15
36 1 15
12 0 11
33 0 12
28 1 4
21 1 5
25 1 13
36 1 8
23 1 16
17 1 5
6 0 10
28 1 6
10 0 15
33 1 5
34 0 19
6 6 4
2 4 2 4 2 4
2 4 2 4 2 4
1 5 1 5 1 5
2 4 2 4 2 4
2 4 2 4 2 4
2 4 2 4 2 4
2 1 1
3 0 2
2 0 1
3 0 3
50 50 50
17 54 53 58 27 29 21 40 44 26 19 23 56 43 36 55 57 13 16 46 20 59 50 38 30 49 7 41 51 32 22 8 31 25 35 18 33 12 4 39 6 24 48 9 14 34 28 37 5 47
27 16 25 51 52 58 45 8 17 9 44 57 43 13 53 12 49 36 29 56 37 48 55 42 21 23 30 14 34 33 5 20 39 24 3 22 10 31 46 6 15 41 47 54 18 11 50 28 7 19
46 12 13 49 47 5 48 58 6 4 34 30 31 26 10 53 17 7 28 16 56 39 22 27 15 57 59 20 41 54 14 40 19 32 50 51 33 21 29 3 55 37 44 8 42 11 9 45 18 43
30 7 16 42 9 14 23 22 56 12 19 49 34 32 4 39 58 51 25 24 36 31 28 44 48 15 52 59 17 29 13 53 6 3 27 18 20 37 40 54 38 43 26 57 33 5 50 46 41 10
31 34 35 40 55 33 19 46 58 10 57 20 13 38 8 49 50 3 29 52 36 42 47 51 9 28 26 17 21 11 30 5 41 54 24 4 16 59 25 18 22 23 7 6 48 14 45 39 15 56
17 30 22 44 7 59 4 28 46 52 33 54 29 58 47 25 11 16 42 18 57 37 41 20 36 6 12 9 5 10 35 56 19 49 21 40 55 34 14 13 15 26 32 51 3 8 24 27 48 31
52 20 22 30 44 41 46 17 34 10 57 21 18 13 33 37 31 49 28 16 12 35 54 45 27 55 24 4 40 42 15 26 29 48 56 3 11 32 53 8 50 43 14 36 25 9 58 6 5 51
24 9 26 56 47 51 57 22 32 45 28 8 30 54 20 59 4 15 36 37 10 27 34 42 5 38 39 55 46 49 11 18 52 17 6 44 58 21 25 33 53 31 40 23 29 50 19 7 16 3
24 20 45 32 14 51 54 57 47 50 42 13 48 8 58 31 35 39 26 17 33 46 37 30 28 43 34 53 9 22 3 52 27 25 18 16 21 29 55 10 12 19 49 56 40 6 59 7 44 23
58 39 20 10 7 34 4 13 51 26 37 25 21 32 50 43 44 28 6 22 55 16 17 40 47 12 30 49 35 41 19 15 8 42 29 18 33 38 53 54 45 52 59 31 5 11 24 3 57 23
58 51 6 5 46 47 50 53 28 13 4 20 42 59 19 31 16 32 26 49 55 54 3 39 15 43 8 30 10 17 11 27 21 29 24 9 45 33 7 22 52 44 12 36 14 56 25 40 57 41
31 51 3 32 42 34 26 28 11 12 40 52 56 44 59 58 5 39 17 54 46 18 43 29 50 19 53 38 49 24 21 4 7 16 13 36 35 30 15 33 10 8 47 9 55 48 25 57 20 37
50 27 49 54 22 52 39 15 46 59 37 14 21 58 57 18 16 19 47 30 28 55 17 3 9 42 4 41 25 40 44 8 34 45 35 10 31 43 38 7 36 13 32 48 56 6 5 23 24 12
58 43 51 28 15 4 48 7 10 14 27 23 56 5 32 47 21 37 59 40 9 24 30 3 6 52 44 12 53 18 25 16 26 46 20 39 36 57 33 22 55 35 45 17 49 13 42 38 41 8
39 36 3 6 19 52 11 4 57 54 34 9 29 31 50 55 16 23 21 46 56 27 51 8 33 13 20 41 17 45 32 49 38 28 10 59 43 18 44 22 58 40 47 53 26 7 15 14 48 30
52 53 21 55 38 48 33 14 22 3 41 45 16 37 44 40 46 19 27 50 54 59 24 49 42 5 29 34 11 4 8 7 26 56 57 58 43 12 36 25 6 31 32 23 13 20 51 28 18 9
54 24 38 31 58 23 35 34 57 27 28 52 55 20 53 48 15 10 43 19 50 5 51 46 44 21 32 4 37 11 14 3 8 17 26 56 12 41 25 59 39 40 29 30 36 45 16 13 18 47
44 53 32 8 51 21 30 40 4 13 38 5 47 20 48 58 17 19 41 36 29 55 3 31 45 23 56 9 27 14 49 11 22 16 46 12 54 34 25 26 52 37 24 18 7 6 15 10 39 50
24 3 15 4 5 26 13 50 19 49 38 6 20 53 58 30 46 28 33 42 36 16 56 18 8 9 35 7 43 51 40 34 47 44 52 29 25 22 31 48 17 45 54 57 27 14 41 21 23 55
50 57 30 23 52 54 32 43 48 12 19 24 29 11 28 46 18 36 9 8 6 39 51 42 25 49 26 40 34 31 41 22 47 5 10 38 27 20 59 14 13 45 56 4 33 17 44 55 37 3
25 51 42 41 33 11 10 5 3 24 59 46 13 22 38 9 27 26 20 17 49 52 12 35 7 37 36 23 18 47 4 16 56 43 28 14 50 54 53 39 29 15 40 44 32 58 57 31 34 21
38 39 18 17 58 55 42 11 43 25 13 52 50 59 46 21 34 23 41 33 40 57 53 48 32 29 15 37 16 3 4 24 30 26 7 8 27 9 36 51 54 31 20 45 28 10 44 14 5 56
46 54 7 59 55 56 13 57 24 6 43 42 30 52 32 51 17 5 37 45 11 12 48 4 31 58 33 16 21 25 40 23 14 35 19 22 8 47 34 39 10 18 26 38 20 36 3 27 28 44
27 15 40 28 6 33 13 32 11 52 12 31 53 29 43 50 3 7 45 17 36 48 44 8 41 4 38 51 37 58 49 19 59 39 30 47 5 18 10 21 24 54 55 22 9 34 46 25 42 57
17 22 6 20 45 38 57 21 9 30 28 32 16 34 10 39 43 23 15 25 59 58 53 31 48 13 42 26 49 50 37 51 55 35 3 24 11 27 40 46 4 12 47 41 36 14 54 44 8 56
5 31 46 4 56 41 12 28 22 43 7 49 24 9 29 25 18 32 27 36 52 6 14 48 44 8 10 20 21 13 38 45 42 17 55 30 16 59 15 54 47 51 53 33 23 50 58 37 57 35
56 48 21 37 39 52 40 26 19 7 14 8 42 30 35 28 27 20 51 24 4 59 6 53 46 33 13 55 9 32 41 57 29 54 23 22 43 50 38 10 5 17 49 18 15 36 58 44 12 25
31 37 29 40 54 13 4 33 10 49 15 22 20 7 21 19 17 53 3 12 6 50 27 28 44 59 47 41 58 52 34 48 36 45 23 57 26 39 32 16 14 30 9 55 8 24 38 51 42 11
8 40 58 59 38 18 34 36 48 15 24 41 20 11 55 23 4 5 39 52 31 50 46 51 9 56 17 57 33 6 49 14 21 54 30 42 43 19 16 44 47 13 22 3 28 7 29 26 37 53
13 3 44 26 17 51 25 12 52 49 38 19 57 39 58 41 40 22 23 50 46 48 24 4 16 15 42 43 20 11 5 53 36 47 37 59 55 9 30 10 31 7 35 32 18 45 28 34 27 21
39 47 45 36 32 17 49 15 26 42 51 37 7 41 46 56 57 59 40 23 48 19 29 43 12 34 13 54 18 22 4 28 11 14 25 50 30 5 24 38 55 8 10 21 33 16 44 27 58 52
8 17 51 15 10 49 33 50 30 58 24 18 23 40 56 46 35 22 29 41 32 4 47 52 59 5 53 43 54 9 27 12 3 37 21 48 36 55 25 45 44 42 20 31 14 57 13 7 16 34
5 23 31 41 46 27 49 48 24 13 58 26 52 59 12 7 57 28 51 3 36 44 39 47 40 19 34 21 20 16 18 25 50 54 17 11 38 10 6 15 42 32 56 4 8 14 22 29 43 33
47 7 18 28 25 24 19 34 58 45 4 9 20 51 10 59 55 16 33 11 6 35 14 48 42 53 49 52 22 3 43 23 56 27 12 36 32 31 30 41 57 54 40 13 26 44 50 15 21 39
45 6 18 34 15 33 23 51 41 49 57 27 7 12 52 26 39 35 25 4 30 42 13 37 22 8 50 53 32 21 9 3 36 17 59 38 24 58 28 48 40 56 10 46 14 54 44 19 20 47
23 52 48 10 53 32 28 57 14 30 11 35 12 40 46 39 22 56 51 17 33 25 58 41 8 34 3 36 43 37 42 20 9 50 4 38 13 7 24 45 55 6 59 21 31 18 27 44 29 19
22 59 37 34 46 12 41 17 16 38 36 47 44 40 11 30 24 39 51 19 45 53 25 33 29 18 58 55 13 26 23 31 14 52 28 20 49 21 42 54 27 5 56 9 50 8 48 10 43 7
56 29 26 22 25 21 47 18 53 33 39 52 31 27 40 35 11 14 12 59 38 16 48 23 50 28 32 30 43 10 44 42 3 17 6 15 8 54 34 49 37 57 46 4 36 13 51 5 58 9
47 9 28 20 13 10 11 24 35 8 58 54 22 7 46 26 19 34 56 45 15 25 12 31 55 53 4 29 37 23 17 41 51 57 5 52 48 44 40 43 38 16 50 42 6 59 18 32 36 3
38 31 27 26 11 32 18 45 57 37 54 28 12 23 5 7 4 59 53 17 6 49 9 40 14 55 33 34 29 46 13 58 30 20 52 10 15 35 19 48 39 8 25 24 44 16 51 47 42 56
3 39 55 31 36 4 17 24 49 21 11 57 20 46 35 59 30 29 26 27 53 37 10 13 7 19 8 25 9 40 41 34 5 43 54 15 45 32 23 42 51 28 22 18 52 16 56 33 50 6
9 33 43 41 51 57 22 31 13 25 37 38 18 59 49 3 58 53 7 55 34 4 21 8 26 14 17 11 5 47 20 36 39 6 44 10 12 35 56 32 42 46 16 23 15 30 27 50 24 48
7 8 21 54 36 16 52 44 39 49 50 11 27 41 10 43 24 42 51 23 20 46 35 31 6 22 38 48 18 45 29 26 53 56 37 28 12 58 5 40 3 4 19 25 33 34 55 57 17 47
36 41 59 22 19 10 15 35 56 47 54 34 50 43 30 9 11 27 40 23 6 48 57 42 37 14 33 49 58 21 5 12 8 25 51 32 7 29 46 28 45 53 55 31 16 24 17 13 39 4
59 45 30 28 22 42 37 5 17 36 16 35 34 44 8 31 25 47 3 7 13 52 43 26 9 49 41 4 40 54 51 50 18 6 33 12 29 48 58 32 21 19 56 23 46 11 55 24 10 57
59 38 40 25 53 50 20 58 12 3 29 23 32 8 57 21 55 14 6 26 43 28 27 36 18 24 19 45 35 16 4 15 17 52 49 11 13 46 7 56 54 42 9 30 22 37 5 48 31 47
10 40 16 53 41 59 9 37 30 46 26 45 44 42 58 56 8 55 4 20 14 24 12 5 51 32 43 57 15 6 38 25 27 35 52 13 39 36 11 18 19 29 17 23 48 47 49 28 33 3
40 7 29 37 3 48 14 33 43 53 23 55 42 20 18 41 10 19 22 12 6 45 56 46 5 57 47 35 50 13 34 28 16 51 17 25 30 9 32 24 49 36 52 11 21 59 44 26 15 58
31 16 36 56 12 10 44 27 39 22 59 42 4 45 38 7 34 15 19 37 54 28 18 32 3 26 30 43 46 6 57 21 24 52 35 53 9 41 51 48 5 23 47 49 33 58 40 25 8 11
58 21 34 44 29 20 25 22 42 36 30 24 57 10 51 33 38 6 48 15 8 7 18 54 27 49 47 53 13 5 4 55 12 9 32 31 59 16 11 35 17 28 52 40 37 46 14 43 45 56
15 0 22
46 0 7
5 0 41
38 0 44
19 0 40
20 0 39
22 1 20
46 0 27
37 0 26
44 0 49
21 0 27
2 1 30
11 1 14
5 1 48
11 0 25
8 0 31
34 0 34
12 0 40
3 0 39
39 1 8
21 1 10
47 1 7
34 1 17
12 1 26
6 1 42
8 1 31
13 0 20
25 0 15
13 1 36
33 0 44
35 0 33
29 1 44
33 0 43
17 0 9
45 0 48
8 0 10
44 1 24
4 1 18
19 1 4
24 1 39
32 1 24
10 0 43
35 0 9
6 0 5
12 1 6
19 1 31
31 0 45
24 1 27
48 0 7
26 1 33
50 50 50
35 11 42 40 58 17 44 28 39 20 46 16 21 38 5 56 53 7 47 10 32 43 26 34 33 12 37 24 13 57 50 29 27 51 14 22 8 48 45 52 49 25 4 23 18 3 59 31 15 36
21 14 52 55 36 58 6 54 26 30 44 47 43 48 27 17 51 4 41 25 5 38 50 28 3 57 49 56 10 46 34 35 15 16 18 23 11 53 45 13 33 20 42 40 39 59 12 37 9 19
51 17 57 4 43 18 47 49 6 44 42 33 21 26 9 8 13 20 16 39 11 12 7 19 36 37 52 46 28 56 23 54 29 25 59 14 15 40 27 34 32 53 50 55 58 22 45 35 24 41
5 4 13 33 39 16 53 44 10 3 14 40 18 27 56 21 25 19 8 20 34 42 11 54 31 12 51 59 32 37 47 49 17 30 6 36 35 43 28 52 9 7 26 38 46 23 57 15 45 50
6 8 44 58 19 32 53 59 10 25 18 46 37 4 7 38 50 20 41 11 24 12 43 21 30 28 36 31 42 56 54 33 15 13 27 17 35 34 29 51 48 52 5 57 39 9 49 16 55 45
34 24 53 12 4 42 31 44 6 26 28 40 56 8 55 27 25 49 46 10 50 36 47 41 14 13 38 21 32 35 43 33 52 16 57 9 51 17 7 39 15 37 23 19 48 3 59 30 18 20
59 44 48 55 17 28 13 26 34 8 35 39 24 4 25 5 23 37 58 43 49 50 53 20 3 33 32 36 19 38 54 15 46 12 30 40 41 42 10 51 14 56 7 16 11 22 27 21 45 29
32 49 27 53 30 57 15 9 51 17 29 52 12 19 42 34 23 28 3 46 6 41 4 35 18 10 8 7 50 26 47 20 48 11 5 43 38 58 56 16 55 24 40 31 39 14 13 21 33 59
43 27 23 44 3 28 36 4 39 14 26 30 29 9 19 52 59 5 17 40 7 51 15 37 38 8 24 18 45 11 21 41 54 33 34 56 12 32 58 20 6 22 16 42 46 25 49 57 50 35
47 38 12 10 32 52 8 26 5 29 33 23 9 35 40 17 45 27 39 49 6 42 44 46 58 57 31 37 3 20 15 11 55 30 19 14 53 22 28 4 16 13 51 56 54 34 25 24 7 50
49 6 16 12 36 52 42 54 59 10 7 19 17 30 25 26 14 38 29 53 55 9 22 46 44 57 43 40 28 3 34 51 56 24 13 27 37 15 31 4 50 32 35 18 8 41 39 21 20 47
49 51 18 25 26 23 13 3 7 12 22 5 59 39 40 35 16 11 34 47 24 15 8 53 52 4 58 32 48 14 19 46 41 30 31 55 37 27 9 28 36 6 56 29 54 10 21 43 42 38
18 8 25 47 27 39 12 50 6 49 48 15 28 35 21 9 23 4 5 57 51 30 13 3 7 58 45 56 38 10 19 43 34 41 59 26 53 44 36 54 37 40 31 55 33 52 16 20 17 22
52 42 55 7 39 37 49 25 36 27 58 48 9 3 16 11 33 10 12 46 50 59 53 30 26 40 43 6 29 20 51 4 28 45 23 15 5 8 57 41 44 32 47 35 54 21 22 38 56 13
23 15 3 12 27 41 46 57 5 39 6 7 59 25 53 10 43 51 28 56 32 50 19 30 17 58 24 21 42 11 48 44 4 31 22 13 8 40 54 55 33 38 35 16 49 52 29 18 26 45
39 21 24 27 35 34 11 22 51 55 43 31 33 4 9 58 25 18 6 8 38 49 15 40 7 47 10 17 57 23 28 56 14 52 19 44 46 20 36 59 45 50 41 54 5 29 12 30 42 16
17 51 49 48 16 44 58 52 3 28 5 42 54 18 29 46 6 14 7 19 39 27 12 32 37 56 22 21 4 20 9 45 23 30 40 26 25 50 53 34 36 11 10 41 31 57 47 43 24 33
30 44 38 27 50 40 41 26 7 11 55 16 10 31 18 17 39 14 23 25 56 58 53 33 51 47 59 24 57 45 34 19 28 43 15 5 8 42 6 29 21 52 32 49 37 12 13 4 48 36
39 52 40 19 13 53 10 26 43 7 8 21 29 33 30 57 49 46 54 51 31 45 44 6 14 37 16 35 47 3 27 32 59 50 18 58 4 25 36 23 56 22 17 20 15 34 12 11 42 48
5 21 46 53 10 42 49 43 47 33 7 45 11 32 20 18 15 34 57 52 48 16 9 50 29 58 30 27 19 31 3 12 55 28 36 39 6 59 25 35 56 8 38 23 13 24 17 41 22 44
53 7 57 13 10 17 26 20 19 27 50 34 40 14 22 49 36 9 30 39 51 31 48 18 28 6 38 46 32 35 29 4 55 54 24 43 59 11 33 47 37 56 8 21 45 41 16 12 58 25
38 34 27 53 58 21 48 33 32 31 3 55 5 56 41 26 6 37 54 52 14 20 25 45 4 19 22 46 40 11 9 42 28 50 47 8 17 59 43 35 16 10 7 13 57 51 12 15 24 29
28 16 9 42 47 14 18 56 37 54 49 6 26 19 31 25 39 52 33 29 50 24 4 40 46 59 11 32 10 3 22 38 13 48 17 27 30 57 35 36 20 55 8 44 45 7 12 21 34 15
4 29 50 56 54 22 12 27 44 11 17 3 7 46 37 38 53 20 14 51 40 59 32 10 39 5 6 42 24 26 45 15 19 41 28 16 23 47 36 30 34 55 49 58 33 21 52 57 48 25
48 8 47 50 22 19 38 27 36 57 15 24 17 54 53 4 33 18 9 45 40 59 20 41 56 37 30 6 10 39 58 3 11 52 31 25 7 35 29 13 23 14 12 44 46 34 55 21 32 16
49 12 59 45 10 46 56 41 36 43 55 26 21 58 52 37 11 27 25 5 13 38 20 29 4 18 19 33 51 17 39 15 23 31 54 57 44 34 53 40 16 32 30 9 28 47 24 6 50 8
44 9 38 24 4 46 18 3 48 6 43 10 47 59 55 51 39 53 57 20 8 26 21 25 23 54 22 27 45 31 35 52 15 42 30 36 56 34 50 17 28 13 11 19 49 32 29 37 58 40
33 51 5 17 45 42 10 19 11 23 27 43 44 13 21 35 12 8 47 50 41 52 15 25 20 4 57 53 56 31 3 26 55 36 24 22 59 30 39 37 40 58 28 32 48 6 9 18 14 49
21 25 43 37 40 51 55 50 30 26 53 56 46 54 36 58 24 44 7 5 19 31 14 35 28 13 4 10 12 15 22 45 59 6 29 32 11 33 8 18 23 17 57 27 49 47 52 41 48 3
33 46 42 48 11 43 49 25 17 55 58 50 21 18 4 15 16 40 3 31 30 6 54 53 52 39 8 51 32 38 34 7 57 59 47 41 20 26 12 14 35 24 44 45 9 13 27 37 23 29
30 17 48 43 20 22 38 11 6 10 5 36 49 14 4 54 32 15 50 16 33 9 58 56 13 34 55 18 3 8 35 27 31 41 37 25 42 45 53 39 59 12 28 40 21 46 29 24 26 51
23 24 8 29 18 3 56 53 17 51 45 54 36 6 19 33 37 15 14 25 52 7 50 47 57 59 26 27 31 41 21 22 55 10 58 4 39 16 35 43 5 38 12 42 46 11 40 34 13 28
47 4 44 20 30 18 51 36 53 25 16 52 11 55 10 57 54 40 6 14 42 41 28 46 34 21 39 19 29 50 8 5 35 9 26 31 49 3 37 13 48 58 32 45 43 12 24 17 7 33
59 13 4 44 58 17 55 11 53 50 48 15 43 32 35 52 28 38 41 46 23 36 20 12 54 9 18 57 49 40 34 19 33 25 51 47 29 37 7 10 24 42 14 16 30 45 39 31 6 21
4 32 7 50 24 40 16 42 19 58 8 18 53 33 11 45 49 54 36 51 47 48 14 5 34 13 59 29 27 37 30 21 56 20 28 15 9 17 57 6 26 44 41 23 43 22 3 55 46 10
45 38 49 19 42 10 36 35 56 52 57 21 6 53 46 31 55 28 20 16 39 5 9 58 43 26 59 8 7 47 32 41 30 51 13 4 29 24 27 37 25 33 44 34 50 48 15 17 11 14
51 12 6 41 11 7 39 35 53 44 17 19 30 22 14 47 25 37 46 27 9 18 24 52 45 28 16 42 29 40 57 23 26 36 56 48 4 33 21 54 3 8 32 10 5 38 49 20 15 58
28 32 24 9 27 39 14 55 8 37 47 29 33 22 57 45 54 26 31 56 12 36 21 58 49 20 34 42 35 16 5 52 50 53 44 59 10 23 19 41 17 15 25 6 46 38 30 3 51 7
30 48 12 24 56 46 55 10 40 17 19 36 31 35 26 50 21 4 59 39 16 27 45 15 28 23 49 52 25 54 14 11 18 43 32 51 7 38 47 44 5 3 20 53 37 42 29 33 41 13
54 18 53 44 15 30 4 38 49 11 23 34 6 19 55 9 24 8 45 57 26 28 14 46 25 50 51 48 36 22 5 27 31 52 47 7 35 10 41 39 37 16 12 17 59 3 13 32 43 29
35 3 31 19 23 56 51 47 28 18 42 27 38 20 37 30 46 43 8 16 4 24 33 5 6 58 41 14 39 48 59 9 49 45 52 22 55 36 11 53 34 13 17 10 54 15 44 21 50 12
56 22 42 5 19 27 38 30 44 13 6 14 36 46 47 28 16 12 15 21 57 33 41 18 11 55 32 53 23 31 39 26 54 4 9 25 45 34 3 49 37 10 48 40 35 51 58 43 8 7
17 22 47 38 9 34 15 39 55 54 56 6 23 53 14 44 35 50 33 20 19 42 10 36 46 29 45 28 24 5 58 49 37 11 3 51 43 48 12 52 13 7 16 40 21 25 30 41 57 4
30 56 57 15 44 37 42 6 38 7 23 12 16 29 10 8 51 5 13 55 9 31 58 45 25 19 4 34 41 11 18 43 21 26 36 20 32 50 54 48 46 39 49 33 22 24 17 28 35 52
35 38 51 34 27 43 31 48 40 45 32 22 17 12 59 19 47 18 24 25 9 13 57 20 53 23 21 15 37 4 7 16 6 42 56 28 29 44 52 10 8 49 55 41 46 11 50 33 5 30
57 32 7 12 46 48 30 43 25 58 14 5 28 9 20 37 50 22 41 19 44 36 10 16 24 4 8 6 34 42 3 53 15 35 52 54 11 23 27 13 18 26 49 39 47 40 45 59 17 29
32 33 36 37 55 12 11 38 22 6 57 25 56 9 52 19 43 34 30 45 27 23 49 7 50 3 10 58 20 53 41 44 14 5 48 21 16 24 13 59 40 17 31 47 51 18 54 28 42 29
36 50 15 18 17 21 56 42 10 12 41 37 48 34 46 33 24 3 57 43 16 8 32 53 45 25 35 28 27 26 51 14 39 20 5 4 22 38 19 29 31 47 23 55 52 40 13 59 58 30
18 41 11 48 27 59 54 36 8 58 7 22 10 37 44 45 4 20 24 53 50 57 16 35 17 42 28 46 33 52 5 23 38 56 30 25 55 40 19 32 39 26 49 43 12 29 51 21 13 9
40 8 46 55 58 51 27 17 38 20 4 13 53 49 33 10 54 30 12 57 3 52 37 18 23 42 32 24 48 14 44 41 15 36 11 25 59 26 34 22 56 21 31 45 35 19 50 29 5 16
12 0 41
21 0 29
43 1 7
43 1 38
40 1 21
11 0 3
39 0 24
40 0 6
3 1 34
12 1 3
35 1 25
28 0 34
42 0 35
14 0 47
22 0 9
23 0 19
42 1 27
22 1 36
21 0 22
4 0 40
41 1 3
36 1 39
43 1 12
38 1 29
20 0 44
42 1 43
37 1 27
5 0 14
34 0 35
46 1 40
44 0 14
38 1 29
19 0 21
37 1 29
13 0 4
11 1 4
29 1 8
33 0 2
25 1 47
13 1 48
10 0 46
8 0 7
10 1 41
2 0 20
39 1 42
16 0 40
5 0 47
5 1 49
7 1 3
30 1 27