50
5
5 4 3 2 1
10
10 9 8 7 6 5 4 3 2 1
8
8 7 6 5 4 3 2 1
3
3 2 1
2
2 1
5
5 4 3 2 1
10
10 9 8 7 6 5 4 3 2 1
8
8 7 6 5 4 3 2 1
3
3 2 1
2
2 1
5
5 4 3 2 1
10
10 9 8 7 6 5 4 3 2 1
8
8 7 6 5 4 3 2 1
3
3 2 1
2
2 1
5
5 4 3 2 1
10
10 9 8 7 6 5 4 3 2 1
8
8 7 6 5 4 3 2 1
3
3 2 1
2
2 1
5
5 4 3 2 1
10
10 9 8 7 6 5 4 3 2 1
8
8 7 6 5 4 3 2 1
3
3 2 1
2
2 1
5
5 4 3 2 1
10
10 9 8 7 6 5 4 3 2 1
8
8 7 6 5 4 3 2 1
3
3 2 1
2
2 1
5
5 4 3 2 1
10
10 9 8 7 6 5 4 3 2 1
8
8 7 6 5 4 3 2 1
3
3 2 1
2
2 1
5
5 4 3 2 1
10
10 9 8 7 6 5 4 3 2 1
8
8 7 6 5 4 3 2 1
3
3 2 1
2
2 1
5
5 4 3 2 1
10
10 9 8 7 6 5 4 3 2 1
8
8 7 6 5 4 3 2 1
3
3 2 1
2
2 1
5
5 4 3 2 1
10
10 9 8 7 6 5 4 3 2 1
8
8 7 6 5 4 3 2 1
3
3 2 1
2
2 1