10
5 9
*******1 1
*******2 10
66*66**3 1000
*7*****4 10000
87654320 1000000
12345675
87654321
87654320
87654320
87654320
85288251
48888812
87654314
66666663
4 8
*******1 1
******12 10
66*66**3 1000
87654320 1000000
00000001
00000000
00000000
00000000
00000000
00000000
00000000
00000000
4 8
*******1 1
******12 10
66*66**3 1000
87654320 1000000
87654321
87654320
87654320
87654320
85288251
48888812
00000001
00000012
4 8
*******1 1
******12 10
66*66**3 1000
87654320 1000000
87654321
87654320
87654320
87654320
85288251
48888812
00000001
00000012
4 8
*******1 1
******12 10
66*66**3 1000
87654320 1000000
87654321
87654320
87654320
87654320
85288251
48888812
00000001
00000012
4 8
*******1 1
******12 10
66*66**3 1000
87654320 1000000
87654321
87654320
87654320
87654320
85288251
48888812
00000001
00000012
4 8
*******1 1
******12 10
66*66**3 1000
87654320 1000000
87654321
87654320
87654320
87654320
85288251
48888812
00000001
00000012
4 8
*******1 1
******12 10
66*66**3 1000
87654320 1000000
87654321
87654320
87654320
87654320
85288251
48888812
00000001
00000012
4 8
*******1 1
******12 10
66*66**3 1000
87654320 1000000
87654321
87654320
87654320
87654320
85288251
48888812
00000001
00000012
4 8
*******1 1
******12 10
66*66**3 1000
87654320 1000000
87654321
87654320
87654320
87654320
85288251
48888812
00000001
00000012