#1 1 3 3 3
#2 1 1 1 3
#3 1 1 1 4
#4 2 2 1 3 5 4 2
#5 9 1 4 2 1 7 2 1 1 2 4 7 2 7 1 2 7 4 2 7 7 2 4 1 2 4 4 2
#6 2 5 2 5 2 5 4
#7 3 5 5 5 3 3 3 8 1 2
#8 15 45 3 2 7 6 1 8 15 1 23 22 1 24 16 1 28 36 1 29 48 1 32 24 1 33 37 1 34 11 1 34 22 1 39 31 1 41 5 1 41 11 1 49 31 1
#9 15 60 48 35 6 62 29 42 2 15 48 9 14 4 3 10 41 16 7 57 2 5 40 4 2 40 7 2 40 14 2 57 7 2 59 6 2 41 2 1 41 9 1 61 8 1
#10 68 42 20 50 13 61 25 6 70 23 29 85 8 5 61 8 10 68 2 28 50 2 36 86 2 37 89 2 2 46 1 3 30 1 3 36 1 3 77 1 3 99 1 4 63 1 5 41 1 6 69 1 7 6 1 7 31 1 8 96 1 11 27 1 11 96 1 12 69 1 14 20 1 15 6 1 15 34 1 19 4 1 19 31 1 24 36 1 24 100 1 25 4 1 25 96 1 26 10 1 28 53 1 30 19 1 36 24 1 37 19 1 37 44 1 37 92 1 41 67 1 45 6 1 45 71 1 47 15 1 48 96 1 51 19 1 53 3 1 56 5 1 56 87 1 57 14 1 57 18 1 60 81 1 63 82 1 64 71 1 68 11 1 68 100 1 71 85 1 77 93 1 77 96 1 80 15 1 81 7 1 82 74 1 90 76 1 93 24 1 93 29 1 94 80 1 95 48 1 96 43 1 99 23 1
