4
3
3 5
5 9
10 20
3
3 2
5 15
10 12
10
3 4
10 13
2 14
3 15
6 22
10 30
5 15
3 9
1 6
8 28
100
1 2
2 4
2 6
3 7
4 8
5 9
23 56
24 36
1 31
3 3
1 2
2 4
2 6
3 7
4 8
5 9
23 56
24 36
1 31
3 3
1 2
2 4
2 6
3 7
4 8
5 9
23 56
24 36
1 31
3 3
1 2
2 4
2 6
3 7
4 8
5 9
23 56
24 36
1 31
3 3
1 2
2 4
2 6
3 7
4 8
5 9
23 56
24 36
1 31
3 3
1 2
2 4
2 6
3 7
4 8
5 9
23 56
24 36
1 31
3 3
1 2
2 4
2 6
3 7
4 8
5 9
23 56
24 36
1 31
3 3
1 2
2 4
2 6
3 7
4 8
5 9
23 56
24 36
1 31
3 3
1 2
2 4
2 6
3 7
4 8
5 9
23 56
24 36
1 31
3 3
1 2
2 4
2 6
3 7
4 8
5 9
23 56
24 36
1 31
3 3