14
4 4
2 1 0 0
0 1 0 0
0 1 1 1
0 0 0 3
4 4
2 1 1 1
0 1 1 1
0 1 1 1
0 0 0 3
5 5
0 0 0 0 0
3 1 1 1 1
1 0 1 0 1
1 1 1 1 1
0 1 1 0 2
5 5
0 0 1 1 1
2 1 3 1 1
0 1 1 1 0
0 0 0 0 0
0 0 0 0 0
5 5
3 1 0 0 0
0 1 1 0 0
0 0 1 1 0
2 0 0 1 1
1 1 1 1 1
6 6
0 0 0 0 0 0
3 1 1 1 1 1
1 1 0 0 0 1
0 0 1 1 0 1
1 1 1 1 0 1
1 1 1 1 1 2
6 6
1 1 1 1 1 1
1 0 0 0 0 1
1 0 1 1 0 1
1 0 2 3 0 1
1 0 1 0 0 1
1 1 1 1 1 1
6 6
1 1 1 1 1 3
1 0 0 0 0 1
1 0 2 1 1 0
1 0 0 0 1 0
1 1 1 1 1 0
0 0 0 0 0 0
7 7
0 2 0 0 0 0 0
0 1 1 1 1 1 0
0 1 0 0 0 1 0
0 1 1 1 1 1 0
0 1 0 0 0 1 0
0 1 1 1 1 3 0
0 1 1 1 1 1 0
7 7
2 1 0 1 1 1 1
1 1 1 0 1 1 1
1 1 1 0 0 0 1
0 0 1 1 1 0 1
1 0 1 1 1 1 1
1 1 0 0 1 1 1
1 1 1 1 1 0 3
7 7
0 0 0 3 0 0 0
0 1 1 1 1 1 0
0 1 1 1 1 1 0
0 1 1 2 1 1 0
0 1 1 1 1 1 0
0 1 1 1 1 1 0
0 0 0 0 0 0 0
8 8
2 1 1 1 1 1 1 0
1 0 1 0 1 0 1 0
1 0 1 0 1 0 1 0
1 0 1 0 1 0 1 0
1 0 1 0 1 0 1 0
1 0 1 0 1 0 1 0
1 0 1 0 1 0 1 0
1 1 1 1 1 1 1 3
8 8
2 0 0 0 0 0 0 0
1 1 1 1 1 1 1 0
1 1 0 1 1 1 0 0
1 1 1 1 1 1 1 0
0 1 1 1 0 1 1 0
1 1 1 1 1 1 1 1
1 1 0 1 1 1 0 1
0 0 0 0 0 1 1 3
8 8
0 1 1 1 1 1 1 1
0 1 0 0 0 0 0 1
1 1 0 0 1 1 1 1
1 2 3 1 1 0 0 1
1 1 0 0 1 1 1 1
0 1 0 0 0 0 0 1
0 1 0 0 0 0 0 1
0 1 1 1 1 1 1 1
