10
4
0 0 1 0
0 0 1 0
1 1 0 1
0 0 1 0
6 7 4 8
5
0 1 0 1 0
1 0 1 1 1
0 1 0 0 0
1 1 0 0 1
0 1 0 1 0
10 10 3 10 7
6
0 1 0 0 0 1
1 0 0 1 1 1
0 0 0 1 0 0
0 1 1 0 0 0
0 1 0 0 0 0
1 1 0 0 0 0
13 18 8 5 18 5
6
0 1 1 1 1 0
1 0 0 0 1 0
1 0 0 0 1 0
1 0 0 0 0 1
1 1 1 0 0 1
0 0 0 1 1 0
17 11 7 15 4 11
7
0 1 0 0 0 0 1
1 0 0 0 0 1 1
0 0 0 0 0 1 1
0 0 0 0 1 0 0
0 0 0 1 0 1 1
0 1 1 0 1 0 0
1 1 1 0 1 0 0
15 18 14 9 7 7 12
7
0 1 0 1 0 1 0
1 0 0 1 0 0 0
0 0 0 0 0 1 0
1 1 0 0 1 0 0
0 0 0 1 0 1 1
1 0 1 0 1 0 0
0 0 0 0 1 0 0
20 20 3 12 6 16 13
7
0 1 0 0 1 0 0
1 0 0 0 1 1 1
0 0 0 1 0 1 0
0 0 1 0 1 0 0
1 1 0 1 0 0 0
0 1 1 0 0 0 0
0 1 0 0 0 0 0
9 16 16 12 19 18 4
7
0 0 0 0 1 1 0
0 0 0 0 0 1 1
0 0 0 1 0 1 1
0 0 1 0 1 1 0
1 0 0 1 0 0 1
1 1 1 1 0 0 0
0 1 1 0 1 0 0
13 15 3 14 9 19 3
8
0 0 0 0 0 0 0 1
0 0 0 1 0 0 1 0
0 0 0 1 1 0 1 0
0 1 1 0 0 0 0 0
0 0 1 0 0 1 0 0
0 0 0 0 1 0 1 0
0 1 1 0 0 1 0 1
1 0 0 0 0 0 1 0
5 6 20 9 3 17 17 14
8
0 0 0 1 0 1 1 0
0 0 0 0 0 0 1 0
0 0 0 0 0 0 1 0
1 0 0 0 1 0 0 0
0 0 0 1 0 0 0 1
1 0 0 0 0 0 0 0
1 1 1 0 0 0 0 1
0 0 0 0 1 0 1 0
12 4 6 16 3 15 13 7